100 0.098 0.014
200 0.190 0.027
400 0.383 0.064
600 0.548 0.080
800 0.693 0.097
1000 0.810 0.113
1200 0.878 0.123
1300 0.925 0.131
1400 0.938 0.133
1500 0.974 0.140
1600 0.987 0.180
1700 1.000 0.181
1800 1.000 0.177
1900 1.000 0.177
2000 0.988 0.174
2200 0.975 0.175
2400 0.951 0.168
2600 0.916 0.163
2800 0.893 0.160
3000 0.871 0.156
3400 0.826 0.151
3800 0.753 0.141
4200 0.692 0.134
4600 0.652 0.130
5000 0.624 0.127
6000 0.542 0.118
7000 0.464 0.070
12000 0.294 0.057
17000 0.206 0.028
34000 0.109 0.022
68000 0.056 0.011
136000 0.026 0.005