0.00 1.50e-1 1.01e-1
0.17 1.20e-1 1.01e-1
0.35 6.10e-1 1.03e-1
0.52 1.65 1.08e-01
0.70 2.94 1.15e-01
0.87 4.51 1.23e-01
1.05 6.09 1.30e-01
1.22 7.56 1.38e-01
1.40 8.85 1.44e-01
1.57 9.44 1.47e-01
1.75 9.33 1.47e-01
1.92 8.84 1.44e-01
2.09 7.83 1.39e-01
2.27 6.62 1.33e-01
2.44 4.97 1.25e-01
2.62 3.46 1.17e-01
2.79 2.02 1.10e-01
2.97 9.10e-01 1.05e-01
3.14 2.10e-01 1.01e-01
3.32 8.00e-02 1.00e-01
3.49 5.60e-01 1.03e-01
3.67 1.62 1.08e-01
3.84 2.93 1.15e-01
4.01 4.62 1.23e-01
4.19 6.40 1.32e-01
4.36 7.78 1.39e-01
4.54 8.84 1.44e-01
4.71 9.20 1.46e-01
4.89 8.89 1.44e-01
5.06 8.18 1.41e-01
5.24 7.18 1.36e-01
5.41 6.09 1.30e-01
5.59 4.96 1.25e-01
5.76 3.41 1.17e-01
5.93 1.92 1.10e-01
6.11 8.30e-01 1.04e-01
6.28 1.70e-01 1.01e-01