1.8 0.5 30.6 0.2
101.6 0.6 18.8 0.2
200.4 0.7 10.6 0.2
301.1 0.8 4.4 0.2
351.6 0.9 2.3 0.2
400.3 0.9 1.4 0.2
449.8 0.9 0.8 0.2
501.5 1.0 0.4 0.2
550.9 1.1 0.3 0.2
599.2 1.1 0.1 0.2
651.4 1.2 0.0 0.2
699.7 1.2 0.0 0.2
750.0 1.3 0.0 0.2
799.5 1.3 0.0 0.2
851.6 1.4 -0.1 0.2
900.9 1.4 -0.1 0.2
950.6 1.5 -0.1 0.2
1000 6 -0.2 0.2
1049 6 -0.2 0.2
1100 6 -0.3 0.2
1150 6 -0.3 0.2
1200 6 -0.2 0.2
1251 6 -0.2 0.2
1300 6 -0.3 0.2
1347 6 -0.3 0.2
1399 6 -0.3 0.2
1451 6 -0.3 0.2
1502 7 -0.3 0.2
1597 7 -0.3 0.2
1701 7 -0.3 0.2
1798 7 -0.3 0.2
1901 7 -0.3 0.2
2001 7 -0.3 0.2